928682751
922958755
910063519
931362222
919705478
911199003
941721963
921518531
908349026
918334824
945529883
928684152
946706573
924297553
922303711
923194695
913382041
938611878
903910354
940960808
919292928
932700209
935350412
913516885
913927299
916105891
910921698
916723268
937162909
910867781
927114062
941426955
945576304
924455766
936102254
937573092
925539234
935085678
936407012
942428903
927143374
906629180
948563095
933371684
937429348
944841257
907170331
921355959
919347637
922758989
919590667
897807501
921830825
944691344
930588906
946578579
937288803
907856944
938924107
951849664
941895678
956169208
920720452
927082198
899466746
920331981
929506014
939221772
936039364
910128341
920967051
911394318
919948124
939251024
929684807
931137749
947847212
912275733
929401741
924930781
930518542
919442729
943035543
944681990
929483846
919617922
916948057
921166228
924271257
936590988
920144937
907361713
932313794
930047420
931954725
932177218
893176604
935010022
938760375
924000290
928511022
918754553
919883933
923447423
906837050
909868179
927500131
920081724
935846011
915130655
921448092
917250848
928441219
926713838
929641942
915044419
946602339
918582967
921577923
936064059
938414602
920757771
940357123
929291306
905820477
922356991
916107076
921032690
941463171
922256142
925968436
927971971
947722327
930887864
918962481
932909295
929083919
936269373
930021870
948842830
908810227
921948919
916418594
925661212
922128535
928585396
921589786
925072707
937318985
932115568
936232894
944758847
923893721
915339485
936333265
902914248
906317619
915264392
933811244
916050042
917633354
910816892
946000930
908707049
934352068
891723166
919156032
939886118
936176146
917096582
933208859
935876981
931667635
916804606
941737105
920345617
926738464
924352923
904549277
939650358
920309434
928449332
936904591
943137225
923652937
937526072
922230821
937578936
949663527
913321396
936016806
914400125
925587946
923645647
932580749
926089858
933593598
947637948
926689594
904500307
943803623
922194426
929326486
919011186
923096158
928006807
929630220
943895493
922422231
940036749
927611745
953724764
940373288
936563247
932723497
913770055
930676573
912073155
945956723
924126657
928201890
929618204
936522939
923917909
925651239
923832359
920427981
921561635
923652746
925008269
916419781
918266146
913040534
931077222
925356646
941421454
925508736
895646232
941022562
928685316
926805957
940820722
910092672
939838565
923867320
901979922
917493510
917813397
913417379
932572685
920696695
921624016
918570190
939849424
929543278
917872004
903823324
927122072
916710368
931308783
899335017
917514397
903634439
933333454
933000063
942508473
936511887
936530113
913617566
918795848
932012152
917399992
916055805
937782559
909360191
923875461
929988592
928204678
929067496
912737545
918624724
924115326
919755583
911610403
918803844
917275468
946394724
915188804
939538931
898791922
936230053
948830616
928370152
932304768
930206805
943370417
915165547
927836435
901802172
908821677
920718697
937247969
916590086
931685676
914681970
912513615
910117420
936834278
923203239
923659351
925813980
920583489
947465985
921072568
933672637
930027547
933897049
943117660
933066537
931030463
929389381
920952096
926008073
915983079
935786659
912771260
928506376
918689270
933075519
934055323
936412562
916018889
920471794
909666471
912652103
941546475
933960121
918846125
911519612
949311453
945140652
932240193
924164828
911587430
928680267
938920684
925912814
948258903
918734004
910270256
927677339
921407378
943342382
933028247
936976706
913010550
947316483
920838403
935412531
931721860
916532791
926543231
925085677
922762855
934289226
941889421
906832163
923991139
964586097
934561129
929286492
926225737
942459900
952251184
936375512
914675335
938165837
931570958
925562280
924250232
928259781
924135348
953914399
920200781
907810626
929812768
925735102
935445537
947401406
942473508
917751965
930546195
928898580
917162440
906958309
952526557
926583536
928345935
926150521
921157114
911402824
916764639
899900230
935423828
933863556
919475880
918697178
939693684
937426376
931145640
922990232
905527147
927818564
931873696
912674759
943461979
930570405
937786442
944950531
946378035
923757267
932190150
922049244
927081428
946441736
914520060
931667841
933058765
918106037
922093407
927128051
940329925
905852074
929067203
926130544
931174710
932321544
924583140
935785506
923654756
928309461
938772201
948479585
930779857
937990158
905126816
918541198
919289865
911562377
910994478
931654287
907153392
918207276
947992524
906817990
920150937
944082462
936413539
920430434
916915088
940708488
941007590
904259222
922845763
938852533
925478862
926195432
920216947
942723322
938491981
905250325
922086817
914678932
935036468
942168554
936098809
930447826
960353624
935613279
929027709
917892401
927196104
940713937
918403665
932582672
919935406
930865331
927205219
926660989
931578508
913331531
940141458
926263176
906549793
915260802
931572004
914825727
925051911
915577374
910468367
926674993
930118380
945200951
934103634
933475387
918794678
925055323
921818091
917267179
938303108
953294224
951954376
933125610
914368958
934782212
909097240
920418595
952092471
922074367
912412695
912919526
940081192
918726919
941097660
931513743
944162014
906246017
927967170
929349691
913815180
926990049
916966953
915787128
919371508
933679049
930466198
921978031
933306854
947176529
924165557
922707934
940130479
922430368
929026444
920007962
916739771
930661985
939342847
914495196
908617337
925822628
939687745
905943092
924270061
943063637
934723560
933864639
922717242
929775476
921286203
925110889
937607721
912486256
907624230
933518113
920625858
935024910
929476020
916168899
932723694
924237946
923026524
927573994
927002273
907587330
935563363
924018329
928060265
937698767
914786792
920820230
937055057
920574529
947296013
930619935
898356113
916176466
930482079
934413260
946997166
922380287
949109489
934623329
927094164
913732907
936692651
937239376
926655019
925113203
930176248
929959179
924122730
929206577
936662020
941158222
943153542
931131817
930991360
926807437
913804515
930008882
926012840
929823575
915537939
944958686
929671794
927496513
931220411
916074426
918956376
927012388
943276863
899179388
935039369
931939525
939503897
934451613
927343302
913589564
916929653
927990921
939625570
921947938
911912604
928712705
932608844
942382531
919286851
926422510
927879583
930333615
908465404
935664912
913799429
934271960
938345264
930404937
927265683
919907885
918071826
905613823
941118020
932036209
921045499
918148195
931444883
922086193
916774560
913526440
923618911
947879008
927952524
931341231
934252077
913489399
942950091
922179167
939919449
900381531
923403146
935286026
939867721
920326584
935906940
919668336
928247605
928451854
920547591
949722325
920332040
927621820
914810743
916856508
936799042
934682452
925067257
935698341
937092342
928711214
896526790
924767143
924475963
937309574
934959827
905750360
941425789
927757755
907801748
954982626
918453926
925707459
933587052
929134910
919841785
924797417
922159938
928060542
941106462
940860954
917128017
919854404
934905594
907383138
931724343
925893378
919253187
907487591
897687193
951862861
931796053
930343410
927562489
956142150
917457701
927466460
907624533
936954077
932347119
907985693
901706036
923137332
904065104
925198372
932162583
957120031
936371887
943786269
924675368
896298455
895206058
929879526
927469092
937090988
922869896
922886897
924294246
898982194
935358319
935000313
912833618
920096028
922745229
915228478
920160599
936355906
918887385
918772571
928813653
910307587
934075574
923106013
934036674
919809806
919912414
934321452
945647583
914508737
915729882
934428935
919896257
928308672
921496715
923485543
912513407
946949047
909282138
921656502
910919557
922472735
933780813
910940123
940258385
933231531
903216750
921137812
942257074
912125221
910934166
949762647
943354984
927653026
925090646
953416430
932041465
942743611
919879536
908093960
932230641
934709071
939504230
924104203
928697661
934719725
929025984
921355721
930961956
907023985
921873314
944739203
917565722
946126586
921326903
948534193
924761426
928256697
914426525
905832957
930841892
930492660
928680084
936412651
926060630
930221342
935935429
927920741
925569159
933149236
923374790
941077065
923762041
925166552
908626975
929559348
946871214
921742278
917757941
945566778
928200198
927278367
940823390
925603074
916228737
918200161
919521058
910378069
915932834
937212800
954955622
910128798
923053125
936554359
948336964
916434287
919777518
931054696
928953292
901118076
961863261
943197021
915320264
937444375
927179900
918849711
933903469
921144539
927807536
932281599
935580993
906742841
935008047
939128662
931129282
928135148
940836585
949437082
910417112
937392375
931200013
937593818
915402998
916982242
918463222
936675241
893516957
909501833
911911589
916462149
933016530
934190944
928822733
943667081
920354566
917120091
945092409
928509640
952469621
935600083
933126400
921922543
907501211
929524616
903499448
926831516
914961152
922872023
922356727
945670932
922015910
909309741
911015599
910963713
933361822
934069942
926011527
926024711
917470139
932746756
922650635
951272448
921248584
935916184
917174206
938229609
900729386
923882088
935927484
935158066
938770651
918740887
911702149
929158939
927070141
918604880
940267113
928956183
928678950
911562821
934430105
932377655
920939250
900114117
937922121
941274228
919691484
945893417
923387547
937855571
924601806
916107579
929120911
913101836
919549942
908584872
907904161
917312519
920195957
922490652
931006482
929157288
921485887
933781322
930668928
907091859
923960920
944458603
929061118
939362110
945681172
951491623
916407334
908267340
928204914
912039738
930473230
948364185
919947910
929818623
932739196
944226310
939277931
919010683
917090316
918118747
922991703
928934667
941710534
922584896
934968191
923685684
929401501
924980242
935932374
904209824
924843186
933807009
921442755
910048294
937523342
938495611
925910230
927112016
938875734
927108176
907092839
937186506
933764437
912595070
917803124
937108603
940175489
930840606
928552382
910879827
922593281
919118707
917588539
938781612
939915804
932598021
930104434
937379686
952947219
925031457
915448785
914399418
916182943
915317986
948890875
920642930
957422951
910287551
927387871
932875222
922412201
921848607
933799649
944603930
920240899
943381591
903142309
938674329
927652237
933460795
937896066
908324356
915177611
918920083
934120493
913473938
909994591
930594708
926341883
936608908
918495663
922661827
907479818
907704384
940698537
930055542
939046021
923873474
937769971
916567002
917332481
917136746
928260187
928288510
932993822
937345290
928794928
930743390
931732835
917481781
912774260
922631391
926008625
915869281
933784998
930586707
910484754
901428884
933016731
897290993
942997122
932901686
943801187
946526914
941501892
926290035
927279234
932981177
922940850
892411815
917079090
917349253
905898791
927741135
912573376
901558916
900527953
924494032
928771843
928267113
909349445
922255349
925818996
921519127
935457044
956448277
905990138
921214605
912445234
914606465
931314100
938072542
919140474
938159040
947489872
905660399
906540346
953172245
923460447
912539638
947260065
933974160
941088296
907343774
927122883
909154452
924571138
941088415
909553490
938511547
928353365
908237907
933085740
930137466
927884919
903311021
906392617
924634710
916080085
939145532
931656258
901270724
910476593
923840647
924240186
942069401
921414893
944035623
931153803
919114065
936975068
915540271
947962774
921850743
909900850
936646409
943288658
925312862
937691133
925214314
907014178
936168243
923411121
920826533
910393853
919351744
904624424
942155039
937637656
916399173
931050647
938068268
936668777
927723950
903202612
935107047
916461292
940685400
925499875
942226628
934758469
929545429
912130012
918657784
912608070
925001973
931262677
942881125
918481630
940706100
924819569
938116285
916349762
919038225
923398189
912061088
926743212
926626371
931379898
951959023
930899462
920612081
909318138
905914543
912095061
925701256
928019171
935894096
938868856
937014351
920682197
944555657
920295544
927800260
941397723
921405516
932591020
910548151
920515182
914566094
927023378
928671887
930033510
923036880
913630329
943552096
928905334
915756031
924634444
909910773
935971378
924646613
943783162
935872894
922631266
921252828
926161503
954409944
932356604
918897358
927217107
917329663
925546323
939125515
929394281
939161258
944861919
934016705
943299724
920866946
925929209
937556063
928342839
929902292
921049717
919806947
919741681
922665463
909969727
936986931
930389798
917555168
918243707
919237192
935356361
938332741
952976451
928837881
913359409
933525275
922171865
937277037
948233818
907501680
903482114
914080243
932093063
930680109
941745587
926194294
936008647
925205381
927723867
919907035
930167247
919195682
926341201
913031657
911162946
936992609
913154298
934065536
913372261
917940558
903317787
928881350
910281307
919846456
927984186
922224991
931138565
930431594
940289525
922214964
926076702
937525121
925686274
923801203
923444989
910932461
930107795
930623641
908769308
921253154
919644840
913541669
924318687
944748878
934816487
917499952
924641722
924779662
926108714
932218761
902213941
925024829
905341948
917446456
924568136
924993113
923729171
948692916
937290514
940339976
941222928
932084269
907116097
929803377
920913632
910354709
916868262
919583242
935656810
939946628
901178220
923895590
919532960
912775782
936780003
928343830
939729959
920680656
946490359
952149458
941978042
925612654
899270705
922284824
926557534
932429108
913237264
920338348
920092665
943823849
932698236
936956248
937336483
934609726
912949831
926541800
933519562
913723658
925612142
933000520
929892763
914458904
927339877
913561384
935215202
927272550
929917755
936718963
930865661
920043643
937094683
926491123
912400789
923953340
939366644
916073373
927755663
938712735
927749945
933060156
922073081
911128919
919651254
935036155
926200231
948757434
897919033
935016529
952178789
942478616
905328673
927870373
933691802
932110929
926753074
898352239
939403250
940720538
926552133
915596398
939399596
898311861
919248733
950747037
938802587
921112502
914150972
923107152
917711835
933944215
928404772
927642157
927726430
933645567
936057700
925814259
918903304
900363531
932219393
916324273
949933451
930091354
905884641
942898734
902323729
930275826
930994473
925599851
918089833
916602371
931532762
926947844
940725936
915973929
921884113
946536208
946225477
918308718
919205716
937429581
916370787
923804531
926799391
925422448
923722955
939525346
931219018
911705700
935691751
913116380
929388694
923108260
916867776
924657740
919068134
918045409
929802678
909568221
926814273
920661346
933035370
933650910
927043445
904754961
933948265
920383399
909803771
933605891
923799200
946822540
928167212
914929962
925292952
938439023
907030930
922093226
916165017
943292005
927760011
901594102
936679424
915968372
928106144
924348993
966647739
926727448
904451061
917034408
929778786
925993478
922279922
915670088
943748672
937535009
920178911
942866462
909317524
918356296
927961430
922962603
913832140
916406187
921529418
935853145
930320880
933356665
922019688
937797276
940687040
932544350
928186148
916886567
931989136
913692343
907534642
882317688
921980202
910510819
919014175
929080289
929327631
922181192
930998008
929879233
944935175
929800112
933000349
897655575
944475589
937628864
908854324
919815592
943692373
916877432
935550131
915250314
923301554
935480613
931322330
909024749
924370728
921883102
923470025
925383291
912985134
928656069
925638407
939819685
934749905
905109561
915215448
903771023
960575258
915947940
921549101
919992124
923942917
946027221
913251814
907806459
912074253
938506915
915081770
928099157
906618758
922683947
917969351
935139383
899789641
936296409
936646967
912801653
934680553
937646327
924250220
908867202
925401468
919293788
910901477
921586817
929703993
919300047
921369355
939352750
919469022
927899735
910838093
915109151
930223705
913646579
938719710
928060037
922220271
924093562
912129044
932104054
932965569
909655685
949973038
935774092
943852068
934503063
928944113
925497424
921376965
940021989
939646244
939440727
908243108
943448604
955899142
942952061
935510816
910941810
925633921
913756612
912044341
935648641
917295936
943135884
929656712
909307580
937899137
927754532
927502426
908049360
927300363
944575139
935402109
936179791
923622585
939972690
926870430
905681000
900964439
934680580
929630671
926271327
930264815
922569321
907031228
921315713
926798575
907727361
933490212
918254808
935778479
923726731
941058523
940216719
917584063
911968180
908175318
936878721
929367043
927062101
905603162
922153650
935537072
935723580
915852198
943294544
916288108
928953158
910999487
918240427
918368137
917832136
938813913
942634846
953029237
933155907
936701605
914082555
929175797
933464705
922736937
928037465
911654468
903149875
928050847
931883550
921770952
901585265
939852194
922431980
917811096
920311777
901644538
924758311
926525617
918694129
927734529
918001886
935506533
928168327
937612031
935939435
924446735
921532391
926422332
943997568
899662283
939066936
933157859
906968551
923618571
930273607
944799509
906059302
954114580
899205161
917101357
928573969
934573525
930961496
919806925
916038380
943178683
906460998
930404249
942933975
912445858
923693845
937017860
933256129
943018801
929242640
919425309
925829437
923489227
923635427
926859813
934809817
950780551
907035355
936401034
933871693
923764495
925349912
923687270
926276429
920486684
905253365
920874365
915714318
927227591
924225148
935166373
957435163
914305423
898065607
929548614
924018360
904698747
922557248
922848246
934411765
920036364
930786477
941320463
937003148
924996183
935269051
946739375
930408922
908749104
943827873
930515048
938983151
909558467
918603536
929246933
906372935
901034845
918398870
944945662
923470689
923918043
916081030
937432506
907319837
916557434
928484320
923874500
914499505
901778180
909453296
932801080
927005122
926376618
916634747
917797412
957764482
932768710
896103202
929601579
925004773
913163968
920490488
916698007
937382308
938140186
904765111
903652016
930703786
936578201
907751897
923579857
917323220
925636446
913422534
930077625
930102324
908386913
910994568
914633475
917462489
913363329
915756391
920680222
914675962
925777020
929560579
923850053
907940368
912925001
914906722
912570134
918345484
918536552
919609004
909349583
925480956
928608756
922539021
895494287
921453359
915054160
926438271
927112936
930051709
945573636
917174151
926502707
909343262
931921760
923230946
921542198
939460567
914901348
934477561
929732764
913641474
931649965
912642330
928674139
934211841
921445690
925799783
941859428
910217509
916269701
945380645
905127234
938988684
916600289
941840048
943773028
950007703
925593577
938470288
912484161
934737542
918713751
901355445
941176945
918158138
932170783
933303709
904836252
928201664
919408636
909855953
935019727
930363701
925680389
935938197
912019684
932654735
924794240
925309800
911695802
929325037
927333397
934904155
920365216
933531560
926241892
943100547
929121407
933441972
932794702
935856971
934630666
946275413
910774399
932702025
909295503
942731763
935720848
907281899
939785522
933448983
907691530
920771230
919499619
949900922
906298258
936744375
931317056
934685378
923084459
938568019
911573162
926265997
951527039
931581028
934047698
932754170
907756348
947222945
935913629
938474180
913190850
916407814
896500373
915054891
905909181
934757837
923982607
945745167
923182680
927490659
927132942
919819319
950985013
932039804
901549050
934427106
926696659
927920277
917621085
940261715
929128525
925347000
912878703
933669791
921454095
938554697
922471959
936512094
910324893
921367855
927478324
923654275
922123124
919536963
909343343
935193596
913818596
942397292
926657748
930652897
923763879
923866529
941316549
919276743
909153500
934541890
932073212
943537871
923230641
926806890
917704944
924926068
923201293
940696170
913340833
922088770
935694828
912376781
922315627
914559192
917675513
939327409
947150962
919110181
936097274
929599635
954823341
941750390
922472849
935789625
916454838
912886624
934068297
924678047
935841795
936260200
936233343
937405187
919018122
941639228
923936371
939121542
926116109
908780936
925703255
941408390
929970844
942454407
931998665
922719257
924556091
927745550
916929675
921323134
943720739
916752839
927739292
932372664
938957801
915328597
928602523
940571506
931832335
912240397
921990745
932172742
922391095
942704088
933165853
930812936
934702776
937347032
919341019
922898376
922776697
941007507
915786211
931765203
918531530
927724993
920172715
931021193
933189478
930987509
927714555
946178930
925559417
923706254
930048465
939756432
926609539
928213819
932456919
929066385
914257371
919793254
922826270
923728743
905547075
932978208
931256240
926144594
938417968
927203335
915501800
924164384
929823334
913751431
905505313
923624951
947478965
941548927
920170813
950090522
914329387
924669551
933162760
932490030
925287282
928414476
922438243
913772262
947527340
928977541
933565549
945689756
922401266
924136994
928303586
919655160
936295031
924749563
901769370
936985326
908465447
922885151
932249208
921913013
939304375
922403279
949467957
923378605
926689396
918450583
916537316
931453635
933539193
918840035
923101622
947409450
918821013
929495130
933243895
920873378
924729995
928982937
939762738
933932134
919637710
912936201
917402860
926261284
917553437
934302669
937792838
934588599
915824385
923711188
931536259
916582279
930312391
921882857
936275109
917741742
932891906
916294734
924928104
918559086
941309843
932124487
929619446
932984000
926715910
936206231
893518257
912883492
931916960
908577111
926743713
941240227
921711812
909224630
932305524
933463494
928068297
919385224
943591491
922865038
903878094
917861657
920888202
956517860
935394621
919275040
933811084
938836049
919656514
938524411
928301956
942754404
934516577
934869915
933201872
939848192
928781967
919814246
916661540
924085920
903088379
946512144
915790259
931877749
917637939
932856476
914036575
909604843
928201318
921335119
919441796
926570157
940339762
925443669
916460637
922447539
943103254
932959669
918870713
924004312
921234747
938177902
913502569
905228310
927981301
936544876
928015335
908816712
928704408
926020525
942114821
943672126
929808135
923152844
925237747
924969344
926449948
943341749
921061925
923383313
923380495
921244935
941399366
945931694
922675360
935068107
919614473
933640930
929489125
930001916
920655497
922342432
921844016
897343716
935704383
905285637
916292861
919711216
931877502
931893730
933807007
914188788
924975420
934115314
919543318
937833911
932425677
936405827
940515534
933727995
931089736
934514864
930742897
925234355
927912506
932044768
924452865
927272874
926168928
935140504
947528976
933639030
904909837
908824230
922483348
944473821
918049717
914390650
934934790
920625431
932025142
931544431
935983556
952059392
939465697
922543774
922063496
931686774
929781235
933052378
937155517
916606973
917053356
934093075
936034872
907972869
926730886
927758013
925981636
921666305
931337075
924749414
940623289
899117132
909043868
923859599
912880480
921316257
929470949
931301606
926934002
915699349
917118564
928015093
907623350
950278112
925830687
930678653
930112422
924218650
926840690
944657193
929751655
945394194
930761089
930136674
909822757
913422446
945421005
915579263
941313788
920593941
940873632
933324989
918572985
930833200
922222703
925354962
899358565
920006329
942043457
951538831
927509702
927930247
931586291
925978974
922412465
945211237
923405359
907719824
893770198
935121596
944348998
917762500
936826309
925154955
907698613
919321219
930098621
918584232
935952191
954718131
922785456
928438335
909698499
929432579
903689340
915977864
913574018
910389101
930081450
939905189
924900365
919590584
919053616
919179776
909482279
923043447
907402745
947058127
909177538
915034692
931354971
921133747
944693433
916177258
926683280
919260916
934928400
924032712
916426794
956311701
932064194
936055236
915328181
919062767
927723068
919668873
950799311
939606058
911599420
934187502
941054536
910310399
918610054
941388332
910951849
923344579
917643416
901802688
933491973
921685245
934150850
918403317
923468361
915636187
923779596
932379390
922378277
911499403
921622946
932374420
922852239
925325785
917089891
908279083
920128989
932515093
927404123
928374462
921550663
922244753
932429605
910162000
938012441
931597218
931142220
915793529
899277659
902116253
920234422
923073300
908614965
953837000
915852943
924730760
938144947
914240025
932402157
950815953
941395206
917719697
938539547
936939342
922410083
925873125
909353435
912997485
926216866
943467091
922017257
949560626
941711753
917768945
928636304
922010426
944365339
933724964
909886910
920631985
922494205
931570421
923006103
932421041
941452421
934290438
925973024
937431932
922391316
935240739
929928266
918149831
914928481
916099694
947233901
918590476
913100047
940175055
916961145
936456356
924493058
938101607
923257706
918386210
891155305
933844707
930385568
915081537
931298511
931347863
929167833
914849708
922829267
935682426
925752382
943555621
923490867
932063833
915954026
928899483
933917175
922642044
917574095
912960563
932149976
933348223
924170810
906287055
915080306
946510226
938170545
919861097
911008367
913921271
924090431
919500109
935988236
907085385
943945801
910181967
936734587
938849608
940821888
912897849
935839506
939312569
923210674
939932539
924271368
936296138
939056111
929658760
911102342
921822281
935315061
914720659
938176234
936762019
927504162
928034117
939862732
936578661
934325927
929101416
929942837
919916969
915740453
915601153
934109334
925348580
917495299
921065191
918360051
916115252
934406041
935451889
934834990
912599498
955801786
916105015
921006068
941459857
929133426
928685230
929525816
926948128
919373732
927521487
941630035
915888841
938343364
916083432
918982330
936898017
923048814
917845430
936725547
943530533
928276735
950207485
920491616
938706830
919538655
917960592
920349363
925787508
928452311
929031004
920544976
920079709
923997133
918240982
930447713
925701216
938332532
919905393
926230760
927815810
929236782
924094708
930949763
932481452
931510945
928580421
921869653
923077263
927934037
932637999
916439750
935952665
920395846
923006263
916470228
932164318
896247720
923662062
931136977
914824922
914529731
921514538
916412283
927419785
942029134
921051928
916625863
919284690
935504045
915193776
944572881
926043527
937303070
948131909
905854257
927359793
911108365
925905157
935490665
937526820
929447988
939014222
922593239
940957206
927242619
921798535
924691301
931624019
933899411
948282894
935837848
932392830
892514294
954134373
939623579
927725676
924999130
933031703
929314429
902478610
909653049
917105036
925258507
936015945
918182055
907727759
931217883
919871754
917079606
936616468
920089772
927292393
911156963
941627558
931119430
925924978
921283144
939151125
914740318
941273740
922994807
926883790
932908461
940715494
918120962
947512117
940530772
918944638
919539076
908491329
936097854
927702976
939130629
939866034
916982099
903953804
915817110
933100212
944325456
924698950
938968329
906941081
912624838
936083321
926014289
917194410
929647025
929235524
911748545
927429734
931361132
933594538
910607198
915602541
929225080
922877847
921734782
907257938
935659992
931398120
924604425
938862338
921475706
921497787
919670051
928205560
928229927
922526015
933852591
940183675
903448553
920043105
937654711
927285501
928232703
926442208
917540745
926546079
930670691
932042945
902581891
926645397
933428791
917079422
912712124
930061828
919617904
915118476
940556746
919130360
924341492
959033990
916551991
903044353
927803983
924418479
912204214
927002414
932917923
933888721
923244593
937814741
942212447
918416965
906689030
913841260
934000435
940016409
906967128
925391289
927568443
923388612
934436003
924389324
928601484
925778991
911976858
912472934
922332750
914306810
905554622
926590676
926326102
911147913
931699202
951484463
911078261
919414519
907390967
927859249
917871053
911948851
906602895
929825792
926500886
897772948
922585960
932802821
928769684
921367551
912215577
919753996
908546882
927533205
938487721
917371280
929717228
901325920
917242859
920211997
934501171
938702049
950477232
929602082
927879236
923155823
933363331
916845634
913333946
935919970
918883959
917673883
918079059
924157529
934919622
893656670
922044410
941737379
926519551
921862645
947574736
917220220
929056190
919465843
908426958
923720392
935491514
913869211
927589342
932999168
920052605
936738581
912728698
951317747
936490869
921781384
921431395
901799757
922341317
905240212
909868134
910792943
913921329
922762756
922942666
919525068
917363262
940032406
935290054
943945013
927829794
923308753
923400966
923919271
938433422
919072771
928622806
911483462
921740254
925364408
927061464
926243957
907514835
932271164
953701596
935695852
931627432
926800242
927992171
924759175
930592949
919981346
909603039
910895059
913087843
902786616
911464964
932067379
930571211
915603888
927514973
923655028
923663713
913520885
918270912
920456704
930470764
921971456
921405930
931561693
923862891
911232952
904031699
914759738
931893609
954890503
939088898
929383869
939853819
924251374
926776856
903979053
933842541
925878502
947037579
914512628
936452924
945307388
918286150
926986983
911108006
938660927
933435568
931875504
915804827
926251462
923641248
939218541
932452577
928375521
927134512
937186531
936107717
911952641
933188741
931262030
921473244
921845323
928188550
928950467
929838019
942084201
923116268
937142066
927771064
913447998
910561322
937453144
908084030
932656240
919106052
912099864
936392030
928816164
930054179
908575646
932786479
923088554
914228517
902723514
911611205
924040414
905927521
934423887
919610522
930595775
931369275
907538813
912241552
924702665
934129521
916140844
933245114
921930370
905019160
903598938
913547464
934063387
904895833
931290304
927115296
933100510
923687771
916171156
913356275
929409980
919392269
922755114
921765255
941605485
923516594
915242326
920228126
909573821
927094971
919431745
918095930
903953620
924763123
903776179
921688886
945517467
947737831
928198130
919735215
917291924
914479941
928437579
912773414
922338008
916105628
927554412
930941501
914919035
917441985
908503266
935984229
910182849
930225178
934398569
922971598
917951560
931171850
898153867
917818964
945915738
929038353
944033163
933762196
920084302
914485975
910345783
933404508
920888010
915522703
923356134
934515645
920020672
917209280
931758669
923597162
922162891
922824499
914136948
928188692
930399362
933241006
910219813
938296477
919026948
911165882
939588059
910117691
905632520
897608711
910947357
927031952
930107930
920901761
911526745
938072471
912109824
937381377
932550000
911246493
915518193
923679274
930948537
935121826
932817460
951795226
931650679
937375954
930809451
933028107
927844089
929995969
940961823
930903522
939784236
924660468
924016990
924488448
915987902
946932506
929646700
927600200
941272709
927646254
928788628
923702594
935328090
929138043
923437540
934537047
923407917
927759365
910130108
950671185
917704505
930988322
909452242
917891251
928116469
921782188
929860482
917678837
929946253
905305350
939951306
941813391
929263569
923283192
923622859
931966469
942882229
934276953
911175169
919078787
919488987
941296771
914011155
928811672
929570947
918301339
928925820
939972593
942364678
906250081
941869288
953057875
931726024
933175705
933130410
930254157
930437434
929213921
943099007
939533072
921329491
910043926
929027936
932086995
937592379
903805809
919655836
931416948
939176785
920755559
926213543
917527731
941625108
931278817
903250886
920588881
929483214
954753507
943249454
923424128
923672937
915629015
924556752
931165288
924843212
941065168
933655761
933300102
940724972
947799387
911854091
905511977
924615859
922053754
907740920
926500615
938437982
921475612
926232365
905598665
919038604
920538421
954441756
910980756
939133009
907209983
933529280
914656663
920137984
935178340
924256708
911261764
916781230
917226698
922551506
930762506
915125291
909664600
910378454
902985790
902740516
937163369
916920188
937647087
913644764
954497575
916412834
912806975
929366884
925469401
929530834
918664111
932366806
922301550
940366645
931908632
942455269
921596246
939171544
916578659
946269630
928510495
918467005
903095963
922237551
920997549
938409182
930206071
909438971
923111227
926928270
941779652
931926636
928766728
917779093
921064229
930957206
926724030
943578357
922399927
938458311
921741031
933935248
910023887
927370831
936992666
925536246
920304227
912353768
945510649
928065587
920746306
916463268
913796527
919048511
937358146
925346248
924168797
925173850
937982076
919093363
933930847
921389591
918825362
909617665
941553808
926985590
924535154
940245703
934147462
940137348
922645266
928191013
906885136
937789178
916590985
916418164
923333372
922225223
919128787
935470402
905793098
934797186
922150382
919385773
914188969
927105557
909090403
923780217
949071480
957531197
932372890
896507638
954576862
941551359
930115335
941434763
939128561
925184498
928099388
948740903
914876051
940866387
918806478
905897945
949916782
910715353
934315892
935703894
911779268
918708150
933107204
934308058
936037724
903574193
938490322
916118793
913919149
919425140
909736452
929303633
935352683
911978221
920266484
944062718
914974258
922775834
948914019
951879365
925569387
942964749
941221132
909290229
914210729
923851965
916543921
931357707
924956029
929753335
934951238
920761735
927606616
935471070
938671866
918538557
934216350
929957689
943477541
900299769
934254541
940582644
941068817
932252078
934147110
949626735
919519820
939923237
950870973
950243501
930627354
928854274
938495996
921438991
920745914
903189248
932355540
915263615
910567625
927758392
922136992
956041433
927159581
921540707
905964450
907339543
946654790
917062019
922560688
923490268
915556785
925803207
943627141
934382824
916171903
919108932
922863944
941215932
909168092
945678863
917224907
925538286
929564254
929459399
933209862
909233067
919293869
940953421
923439180
930533691
943534118
938058364
898383810
942786438
937360937
914522764
916427846
917789021
905999336
943035482
939330897
919717243
936432844
941637554
934847796
915250500
927289444
901614383
930412862
931002555
920941990
925635484
931327890
918358464
911836938
926501771
924565189
935753860
943006249
940233238
927693405
939954066
934516460
926504616
910887432
914737799
918291627
928965632
948179406
948272909
922814818
917709204
925206751
942555641
921162083
926154590
928751993
933027514
931867762
919911308
929602014
938219315
913772944
927094225
907514024
931797328
915402121
902260843
917050708
934430200
924832530
907334247
932575984
922114509
940033018
929993965
909463163
914328749
921533999
922315180
927319698
920828283
936781490
938617171
923479182
931284794
902628470
887389549
934816491
940379251
910545982
924996445
951421200
928893628
925315343
931858469
939278799
931102124
932379660
933935062
925080646
930088709
942887407
912165749
940809490
955748188
929024287
904858664
937183720
911284058
931055240
935278106
917278100
914257881
941465447
922627429
923116780
922754765
933530846
934191013
928502089
939360581
918841563
924709974
945414409
952331669
918596704
899434708
935823728
924896385
925632916
952220311
939264286
934335584
928415139
929138282
929373934
922333867
918588640
929740540
907311670
925806109
921552774
929073374
916235602
929618318
891244697
941034663
911299448
948368293
913910294
914755733
910574289
925459875
925303958
906870337
927656886
947612909
928184232
938801035
927440346
925819041
925823872
920313451
903917532
921167343
901234430
919714716
918149446
934315948
934678492
920821207
932693313
924973133
916946848
930209825
924786064
930251053
910278356
912091781
928596550
922552647
929789565
933452776
921533757
930784940
914532530
937272799
916248296
954142371
922809110
915845848
937076356
916244344
915378583
918807463
912008592
919800167
963872712
939571450
930129809
934771775
937861207
928705178
931041791
942367226
960195325
933342053
932684185
919461700
879991651
916741133
944965024
916850483
913298548
926630582
910745271
935381743
940917238
939159772
933921465
934455811
938926881
930582632
928837102
937686251
931301900
914982481
913199232
933978288
931178306
925012444
950920044
926915095
905185460
934743408
926331740
927958112
957119036
925384916
914207524
912982152
927766936
918757815
921984200
924412559
940691773
937169013
911965449
926643991
944819314
925088914
922927678
912520164
939166397
934655916
933894328
939735126
941445521
922428380
918118839
928192586
921599068
947613492
916328783
952944546
908398238
909359417
909880089
915350709
942709522
931649944
923763527
936230431
911700230
910815109
925848546
945021781
919165335
948788909
930987467
921317482
931215210
930692272
951210360
912029946
920190871
912507075
935965822
944026559
920549208
907921820
935999852
916825838
929470835
933598375
917316798
926621524
953603448
920789506
934468338
916406840
921118210
930431178
914001556
922249611
918995493
921691710
923494371
911181796
920498711
927423453
913948537
924247260
925122214
917237781
921704902
940093901
925018535
923559941
917897602
916140278
938824891
915702530
914347624
928367283
925965613
931318752
917464748
923116620
951453409
944714751
937913782
948642906
942725249
919860074
944233332
922274492
939801056
916522613
919880590
940927356
954966450
930375302
935862521
932328845
925286136
908669794
915381379
918010197
927397976
915250712
915675465
926240521
919652671
923501101
916475459
927177717
925647895
923997157
928530203
928183628
929953803
922698001
935453226
920749168
920830972
930780435
904728434
924947588
895209877
928863536
928811296
939958760
917734279
923724315
943268360
929443474
905454864
940478698
931030557
918418240
914783902
923101027
915591509
915250217
933979541
928889490
923797100
908104494
922746861
910597456
923772684
901892984
918407953
946940286
939193117
923512526
927571742
953315162
916211659
908307071
938266201
938634042
924018881
910742962
913393811
940933775
937223760
921155611
931748612
909243892
930651946
911514484
939621937
938123789
952498353
927571922
908324849
918317488
936918640
909677420
928579450
897704943
944034303
922178757
917500760
942955368
926720951
926365373
922971489
925146024
910673340
936893301
939339051
921905212
925895703
923088692
941860845
920610726
901465054
940409501
931996604
919219025
953739185
927119207
930868527
908017615
928390739
913924708
927089734
925273382
912715744
922714048
903807151
918582124
936446685
923999497
920505226
934962343
919111426
928639680
935629720
919958582
940818001
936419356
931682715
922694618
943160828
929391549
930299729
909346418
941203819
930544220
932648122
934944716
907856882
937026913
923096763
929893796
903544588
961090318
931101468
922130173
929684661
941064138
930255416
935027367
918921572
927515543
918498559
911681298
914163421
935708553
925819406
917083482
936288436
915190527
908712899
922273814
928308132
926143658
923573095
913622694
935665377
905129584
935584764
930355985
916327704
930701345
911774886
932005357
937392269
919897847
920520102
930318721
942892519
920111673
933110995
936727606
924030389
920542094
917571156
932268504
936847039
929933026
946185704
917368863
926960545
908608299
936449393
907478502
915562080
928251873
935598263
920714810
900376146
932659216
953462265
942859031
938073958
915191984
925311701
921451707
922634134
908133880
935023648
941142345
934913858
951246100
917481224
946256353
942160447
926407755
930991141
916871340
938737640
939966875
924216461
953544641
928957924
939877066
925721712
920999507
936936985
920542682
907277744
926973474
925126379
919426789
920235074
922900683
932377193
930997332
906351370
907477099
935956181
925547440
932264855
936615465
929180264
924365683
923276392
927178008
916375088
913121638
931329477
925437956
925783528
936841535
927830942
928896456
931000209
901133464
945676196
946550046
908285988
925741583
955630927
921242437
936497749
944494730
944923410
914024054
929477922
918027894
922216819
927094852
902944138
926211870
927766897
931014236
937606993
917461994
923313438
935615521
939535015
915323939
924423959
931601298
928708353
927350736
919141871
947774335
941790119
929476985
922722507
919446564
908604208
918738687
932449524
916536304
947557973
920105826
935692655
924743841
905151950
926146853
931776419
931514265
926463353
937865007
944228102
933444239
912326703
916274293
940429771
932761659
932169774
929917616
919017427
928788440
937321965
928255484
925976221
929202777
931737922
922215824
926847491
924150761
906851451
924951717
933027215
916349961
916447836
894936714
941785923
916574230
920660668
923098545
940182947
905694166
934610201
911459600
925758396
914300414
917961644
916881288
911528111
913598967
934144735
913749948
926932468
920102566
937098346
914559858
913671675
924939613
934403439
926477392
942193144
919807459
951480480
909014706
937665347
929674932
920720153
928347745
920075326
919648225
938891144
923504648
928340787
930958644
933535159
940393171
918639297
926390782
922601018
929918362
922638773
930830360
925511526
936788614
933639927
939056737
926300508
939187618
924288374
909586384
915044109
937863566
927171240
929320963
925003158
937473296
935791915
928451951
932961450
914314577
914073004
941864202
930313484
920344750
929943368
931357437
936513806
921281641
926293619
935713855
931784469
948052631
939354792
917659180
922418768
915393200
932133882
940619146
945609092
928299276
941761176
911586633
920005958
918648469
929995112
903245192
931936245
932617688
918135109
924191064
913967217
919255318
912187658
924663308
947150845
921152383
911725803
932440403
913355599
926263626
922823857
926246992
933627844
914861851
908444721
940733716
908443040
932472193
929242899
931396810
915819002
925022813
909224134
919708682
920277706
924006148
913742922
934606260
950625013
930403607
944788994
925094723
920420664
932264238
922358355
963013399
928480459
930454726
919945334
931135162
956312188
929916948
945002704
936903847
940515936
933018374
915488524
919677992
933795154
933024085
934051508
940361029
923709235
947502504
935564719
919593498
911336677
916751573
910767779
908979605
934701109
941874236
920414869
921797032
917270967
915005835
911760349
932249711
931215280
932899708
910398407
942790839
931226423
924649208
937380377
910735254
917296786
949521882
925890141
924160589
933192388
933537056
928618706
945796227
941082990
923337099
927059771
941056518
937493084
927702919
911827128
941157333
922562871
953751293
930056796
907060146
943891741
928565872
927861413
905566362
919381368
922316173
933661341
933289325
910060929
925607367
944307421
942751085
914815987
925154143
936674689
916786456
922035356
934518676
926530630
936559627
932174678
944577704
945342869
926136988
915417128
949863536
927542347
912959771
931816389
949361726
923086418
920986941
920321057
946258857
939709581
923636169
910360619
930021789
932624457
905200571
930586137
936675229
919042130
904037198
923868628
939725602
929691397
916692911
918126762
908400582
937299125
930527859
901114094
921582641
917721676
945989997
933687597
952904891
921715224
928268321
926423642
944805001
923622649
900439344
910727191
926207713
931779242
913737638
917647035
916314525
921946173
915026592
931463005
918054350
948154958
927792344
918298173
935770981
937683647
937523724
938399698
921943878
934885938
932996518
933529365
916310324
907350392
933634360
944226221
928820060
949370755
927642602
934495513
937983994
916919197
930700796
935794660
931235022
928649226
916175581
917491412
934923070
889741805
922950855
909035139
919606256
915699505
951752961
934155671
926051745
922228645
929073426
938263580
935337022
924066850
939723296
937200121
928905708
945039882
914924632
938398762
952442963
924952355
935875280
928046641
936817056
948465300
932566041
930068961
911608711
936252017
921847245
956679826
912122167
929365924
929950121
943788016
928705993
931107397
931722919
926968874
923658770
935244038
924623107
949422220
928316775
944773078
934290284
915280197
900906268
947309647
944336718
936787385
927076935
943648605
927424574
916820491
928066952
920946443
930203516
928272737
922895518
914684077
927968011
925467371
921210747
902732601
921132174
925501662
947533408
900682030
925430222
938676365
927922759
914244310
918773790
920780050
926974447
922581922
909106405
934492333
920090702
923400525
917965081
935279113
940297123
928342567
913161211
940277195
928611278
927535336
895776816
917083007
906232243
921762572
914870301
933472886
941799053
938223507
924878944
938508167
916099354
938135806
948778562
921633509
921071128
947988903
922581304
931260618
918947125
919987310
915428231
915073633
944103662
939593205
937537935
916558539
924888416
933736228
930308176
957004858
935715124
915253227
919115434
926983209
940573733
948915982
919694860
910799181
944437591
911269777
927116606
926161623
912867248
913918352
908141169
911349946
929273615
913177978
914300831
939389808
917290856
941175482
927928115
931511735
929920650
921925932
940479719
909268431
934620454
918968811
924795909
925288365
936799849
944048405
922856768
915608021
926811599
931294530
915725439
918294361
922785322
907809490
912662366
943437844
912027936
906807875
955156439
918799693
936677831
921699375
928458473
931139493
949472232
900835452
924295389
919130381
922562143
934742663
929912070
921090433
918435341
941505421
910821585
915431798
921189993
934648180
924867457
910788612
931696400
918802494
907006392
913507007
938213909
928736020
907895342
929538551
925774936
932584756
934857794
913821077
911662624
917591938
936263512
933471239
901581367
914846689
938276099
931242606
914654655
940536268
941676418
943111084
932635986
934007150
930618631
928951586
929958657
926460304
928479086
940067326
927858636
938165209
938050057
944675013
938337958
906196462
929514727
939421960
923259853
936988660
933404285
912970082
925413229
917637431
917226670
927607900
928473150
940542601
964993019
934416842
918802750
920524310
904391753
933889618
905087100
911606193
928693947
925197933
939865303
934182772
923657225
920490335
907448225
917297064
915793927
936210184
943249423
931566905
906907337
956177510
915306298
919884252
920330343
933382280
957415783
910817807
940576108
912430697
937853352
924990215
898047635
900979478
912208456
915531249
943891623
913126568
938407508
929619357
952177793
939760719
906137446
940370245
942839032
938106260
915029822
905647820
884694304
921568146
945243246
912287861
924591647
907561800
915284049
941327931
923556143
914243642
928500925
936172141
940704892
912651565
932312498
929293313
935881683
940504501
927984721
917908503
904518412
903453855
928574234
933269790
920118699
934703960
938674033
941577225
925614348
916795405
943821496
934316278
923571889
913000500
936393007
930195269
914707040
941757167
921807142
926615115
915331974
940345849
915694470
931128609
906493341
922544175
900507803
910561767
945926602
923393714
923626339
936195681
924659051
910410234
924943688
929494535
925129890
913158906
934306357
937390357
935926288
911294221
918110843
929991246
920961054
923689149
915945118
919745401
932901810
943280979
914126322
918005278
912321046
920553015
905849649
932598072
921396410
914763261
939630761
916750373
938031950
935684531
921668011
918104034
927631130
932841939
923071987
931352511
938530891
937332650
924217395
926687750
929877100
925710490
919207514
921947298
927894151
933621369
928191634
935467963
958875514
932271326
918297055
915201069
922291015
922054754
926241709
944875799
907775998
932872888
918703602
950915622
932119445
940441497
914659247
935484317
912265582
922421599
930594086
932900728
957719181
933065486
930169214
919043921
932927095
922464880
933072763
912233996
935526594
910139041
898467316
920114339
934984445
913687254
935188040
918723675
939318198
919096528
901287039
921529146
942830733
920177510
936146028
950625207
935468181
925531693
950339413
930080652
935376210
914402060
935879091
927964391
922920513
922007756
922570640
932542967
921647495
916580804
925228384
909156225
941272974
931076887
913202577
918726050
929697018
933052399
921029397
927933951
914144398
921183127
926879221
936865282
933984722
920680384
926016229
940552867
922321807
948335062
940347760
919253065
910635877
932358679
930701414
929993071
914371722
945284312
925121619
910761582
925377732
924109163
921448669
926303193
919472851
931560744
925947640
923964319
937052918
922606021
934860683
922277161
909144900
919567890
933192451
922587037
920170290
943732549
932972707
937615833
943742466
913099680
916254647
916769150
920183249
915739754
919149232
915028014
929707530
905185994
939248296
918467663
952426824
935746077
930491753
911195416
921808886
944682216
933437093
932359667
915213804
929323938
910591035
911327399
920957404
921011647
934304676
910553361
922505430
910977528
931004901
924371468
902067323
940686909
947706991
943027246
920911973
935110679
915021772
939432401
920628082
924893429
910724585
939488458
913802713
928386791
955902679
939694314
934985683
925990551
917866044
930130002
936099442
936587994
921576504
908138681
919742151
911689849
939499233
922095963
947244508
927015677
927046219
935828632
920419411
939418604
926294287
935893475
914111626
935264462
955992854
927897283
912277691
913354663
935763896
929997075
927963072
949299104
908742793
920920554
928820205
928466284
922098364
913541723
920508330
905705729
934359064
923392152
935204421
918723277
937686089
931542255
935969089
944885869
936314689
906094563
920108496
902777566
944942406
938637925
950259670
943320031
918207635
917852292
922492667
928854457
902162522
921747339
920600333
929442018
918837823
938946652
937560387
917315907
938062766
925338391
922744890
936596534
922736332
918436988
936277955
909531187
926980780
921159194
916447540
939183499
928744249
937474848
930380007
926363955
921115028
919329097
951240085
948434031
946118220
925892059
926049930
934003007
959278334
938553637
927278160
948701888
941779901
925852412
926481261
923845498
947998965
919681933
933144333
938179752
928793599
923363127
922203128
918406792
914395863
937291401
916897263
910975175
917086801
930293369
925746699
940544524
955171495
910968626
910828499
919037758
941909268
935499383
924750634
938488458
927703267
933724446
916601650
910295517
922914587
917624702
947181992
903727593
925968095
935003984
905794036
933897168
932826543
932047228
921908838
925073392
913190186
928828806
912844032
936832491
921357524
932570223
937232317
939962391
934777957
920623172
937442040
945054178
944520300
926854397
905892814
912560125
945833821
938609789
939538564
921818058
921395329
935949172
918498923
897089305
904572687
928934241
952444058
909687460
935988039
916041674
957482017
930083377
927956254
916701389
936463596
922446046
918619809
934961059
933482225
935842441
904774035
925828376
923268451
918872611
908033244
939580348
940255150
932839538
904311780
926091266
931270904
937642111
923765638
943025500
943148254
939296058
921569250
922850262
934767305
911136581
921238820
923616851
914071831
932739302
935074757
938153836
923997341
906398198
920699069
918060894
916856224
943693239
931605934
934906025
921568485
931473278
939467755
912252935
927524218
917625610
900316405
907430519
929301842
926257545
906418714
935273242
942048630
919126718
954160659
920262627
922810157
924991716
903009739
911821340
940841012
934206369
923399631
946170023
916448923
923965728
915494800
911157512
957246157
939068007
925968302
919785902
930329275
922009712
932276168
929654372
921333224
919953241
924137167
913798535
925657114
922832382
915491312
914574107
934540005
932542090
919188948
939834815
928736247
934681159
935912386
938505168
932447547
916852175
925842274
912398042
927112221
932497119
927134742
923043952
933105737
917069991
919688008
928973029
928647454
947011048
908857728
904896857
940934840
940206300
923404723
925630762
918199074
949406284
924439682
915977438
906768404
920297625
919637605
928727907
896417816
912211447
934122960
927480728
934486386
925095594
921715609
927948827
938457270
924080893
928004730
909281133
941022422
937718730
926537592
934108661
951684259
921166690
914487644
922165562
925615001
902292280
935831994
932948680
946533674
929715015
920129005
949608247
923552641
931011913
916191524
917695949
920794236
935337866
921787176
912453118
928216476
933820155
898546319
896850597
941068866
918168741
923965618
921498530
904292503
942882165
934910881
938614454
930067427
934271031
922424692
935170694
952321357
930830697
936266455
917104016
918489652
916084553
926874430
919477049
934693945
915815608
926813627
925005838
945936996
925173095
910053306
943422787
927600539
918116663
914736832
923352620
931194323
921914121
943176744
922401806
901779184
909069263
901447157
933276745
925094491
938070834
941540247
936968341
946781316
936537354
901945352
904922681
924949157
918424331
938368421
915555784
907522399
922197427
912882422
924881310
913758199
929010632
920323829
926594652
915637917
914283319
909406059
915360948
925276638
925964878
919538999
933921958
916787333
928595460
918178282
930424230
930711461
929656479
954276856
921234196
937782266
926181768
940666641
945185053
925763805
940076771
936023492
922933266
911370313
923863203
921182293
927403741
923901006
931054536
926959090
937891396
926629250
918555062
935482947
930393496
943570983
907090884
911935550
931776366
918134922
930206026
928840237
920907663
921633667
916378049
919116270
933316823
947682932
926233318
944143529
924632317
915212769
902320188
927503218
920241253
922668995
912978962
930573090
926178851
945268491
913818948
915228361
928419650
913647065
914534352
938301113
929151711
919685499
913123775
941233235
934565364
946447846
933087858
928669953
937597327
928081158
940737813
926444556
905134126
923723920
920268727
953741853
914929712
925054774
957367315
931724310
914715788
941587569
931099040
915276842
919421943
926350530
916915750
941724816
929728692
922814577
917336115
928453459
945644358
918996655
918443250
916958516
928373759
940944300
940211997
917957771
903051313
915977118
922821748
927099619
909217783
925327906
948944545
933113120
951456132
928307787
917252677
938124550
937591731
934539503
917287779
926931529
921527648
935958817
938154514
933286558
910545127
910292756
928832886
920404109
905376089
942263714
929140531
923782478
912710940
938145045
904426274
924852745
930684022
928580532
936681249
917731323
928164500
940830143
918508779
935276932
936834066
900619601
923158432
913022981
922697893
942822158
925930784
929130051
926884299
935982975
918883068
923947959
950236477
930383792
939355039
923511889
915976842
927742965
936960669
923073065
948357534
916678546
926736552
923630554
927330198
928729278
930638266
913861532
927159528
936303293
917223426
897104289
933180837
934048328
918989974
933107567
922339162
922221523
919454519
931659850
929167768
917950476
925537209
935620466
938493822
933653594
906513701
931170472
924293630
916341160
938483522
903825762
932833570
928019623
924635569
923860348
932023183
928790593
922983046
920320373
915376068
940836555
917091962
944324529
931238922
941707606
916447323
915207868
919889303
918906167
932158816
923076502
942950806
925190266
940684292
940840884
922853275
928237256
929515089
944746125
902888307
925198734
920866024
932858782
938367380
953485728
922649801
919586891
924815649
911318572
941925154
910527180
942470521
911969384
928152320
927285443
910980627
934398044
918321497
941893057
960848656
928742318
924744518
941759268
930577568
944230520
943009696
906868029
931942211
917631386
916965511
937922463
929729463
931658076
939649181
917690631
938700794
941901780
904041560
948176656
940790483
940092590
929888526
939868486
922183386
907217399
918140064
923038503
936688022
937000350
907346163
933318084
920494053
923293683
919679759
916365955
942354723
925286086
924468927
936137800
911103449
946398386
935789790
954919593
917385593
907824809
943174315
929697779
910645755
915597614
936263039
923828648
942691737
916269751
940891640
930780727
910122289
934451013
947738065
917586663
938046119
925090392
932925805
933693656
917887109
922093999
922204984
943595649
929813093
926935883
914807121
924954238
924441478
923156267
915361159
941067379
950931759
909456319
934469543
929184979
930311004
943828390
921329809
911972769
916790279
919563311
917041779
937244289
933857912
919985246
917611513
937263758
908663863
942850094
923110428
916336724
914623278
929702655
952217765
928579268
909137474
915921176
933030955
931663210
923712456
910199449
916927838
919992957
933518117
915605990
917244606
928726079
919196837
921361133
923973327
929826604
930717932
937254956
918271670
923135000
933702277
910736729
929762069
919578966
937345675
933544812
901216763
918211434
938448369
935372102
950487130
933808777
946186594
917311169
914006611
891367779
898358572
931540544
918651276
927382141
932307274
923115792
893822309
929157775
932004230
935799658
928015496
941613069
917235910
930050991
921767136
952888659
934349671
911761608
929038656
930513207
927853228
927305219
911770546
924755248
938588969
926832046
907865003
895741226
935612682
916448654
904969647
930129062
933531194
909045151
932862712
917043078
930476303
931289520
925368754
937961302
930190029
923196736
944391791
904867133
924789860
920150262
911131597
923185695
917830988
923932955
915569043
911047463
939843464
929638487
938371440
938889636
921368369
947369758
934951457
932829892
915510978
913209729
930528464
922722560
930027291
932848391
925333189
917491828
920205829
928465603
938032766
928133403
932713190
925693468
917030384
918096134
904421666
924391324
931663129
939087557
909974918
910200719
927442912
899645855
928501076
924322966
929277064
920600569
908820991
939022262
924149257
898807232
920407239
922950436
934108613
932147033
922272371
911371776
917390181
927830941
932544600
917463297
918430674
926051338
922537495
944374594
923594791
915411913
946812864
946589564
919319542
930364270
910481817
911312962
904858311
934124827
926347115
925747894
928787112
939140022
915274787
923667857
913162297
926961486
927764876
938493048
912165000
920397704
940288292
928958222
933048187
944208658
931610347
928390332
896577936
922398172
929650900
938990974
923845062
916482274
918396745
927371286
919971831
921447119
919994541
937393815
936136820
912211530
918006914
938264632
932001992
915490928
919737400
947582634
932106991
921974081
931827937
924905890
923455491
943196423
951673205
922895749
927342729
916597653
929134443
921727882
921748759
935350700
925170700
910354559
926998382
925294280
908379762
921822297
918331819
935223109
928850852
899767428
945776925
914637805
911710314
914409808
924233244
937929006
928186307
931636396
914490772
929145679
936025432
931724208
934048206
946509343
939696412
916431387
931558550
935423501
918977530
933728507
929331291
934084648
912430804
936431161
928707690
941071676
944927492
903885275
935322299
917130256
925249127
922568139
948061549
911164857
930458340
933322069
926848595
910743805
947997186
925818796
929991443
932928781
934077381
934494644
936094668
919500736
926656561
923180651
940394922
927513805
929882202
925496143
917445041
922098119
924682518
944960314
922122716
919637462
926784370
919758989
915960647
931952516
936139136
921878740
928945170
938915432
916897680
910394028
910700022
917211527
909621826
939831206
933279213
934652806
926795707
937064997
936604542
918733238
924139829
926781035
936338314
936377810
915237534
904107590
931639240
892916779
940522906
930281932
921928712
920505991
923969601
934361836
919531643
929142313
914234099
934579717
906172314
939827954
917988693
920796341
917244080
916700059
900770387
912047063
913065810
911747361
939535156
915273075
921135603
960596274
914365638
939986817
932957262
945170632
943187943
911937765
913986279
933664961
932692077
925563328
918408938
920300318
927893450
929572092
935298148
901696010
936644249
938811115
918056142
929608680
927681229
930994551
922510303
919302762
927677453
936192737
925683576
939535498
934862751
914203629
920966669
936527607
926193821
926866555
924520394
917200147
924034070
920189030
946715998
934637187
939519625
918356553
921969531
910613945
909833373
918861888
940963668
907918738
925085999
926144753
927051890
923520537
943001593
923966453
928044948
922382606
930877782
928722854
930239226
929449282
937008968
924887559
922920791
931174005
903472890
933214478
910237340
915534783
936680233
927472972
905592185
921885572
907887522
959520199
935044041
935462552
934648795
914041333
922762110
923736029
927403555
933861297
936203802
920363683
919450360
932741644
930566982
927914703
916026323
930496734
924900408
920446977
929192457
937343491
917141337
919104912
923027701
945452880
914886124
922697886
934840648
929561948
912874739
917604445
944298584
911357614
933671984
907102578
930471422
928848140
924741431
929404628
918982025
917157753
943112210
926614515
924565475
907870322
933199017
913245728
918692278
930972432
945080946
924681554
930943163
920902172
933412523
942940547
933340325
914272087
924117510
928280785
926147359
912634411
926987194
902458904
928922240
926905297
924714079
916446412
914299892
914878714
940792342
915215206
923356846
957264284
908722270
906835985
938423760
915831178
939392695
929342914
941228939
924816961
910133771
930962807
940738122
946141032
925533182
912924102
952900387
926900800
951245649
931600225
938491856
938014707
928617528
928705714
930448889
935218117
928465864
929527791
928751831
945007935
942529137
936409272
950309601
929309101
933838443
926886692
922694600
933083451
906457285
929501582
935325434
909176856
918297642
902603795
924395575
910850171
916776860
929355256
922992574
942775567
921104283
938353504
945892905
917782915
933635855
916665132
918059746
926101560
925623665
940316514
928890469
947207638
924094643
925948231
929524690
915796696
919902066
915179055
924446219
917415459
924277809
910518220
936678632
921825501
905234354
956791485
910453871
928620664
925138382
913134122
938467326
928250408
924810771
946521526
924457461
935035066
924176197
906402604
920847165
917858750
926561514
938679652
934209618
905769959
907414262
923246921
912511159
909003782
924930494
960139297
921019860
935279623
930375717
924990116
927527439
900764613
942773199
940638813
942767038
920029876
936548149
933548136
932824263
922403644
915863667
912369664
916595226
939975987
921963933
934594258
928019775
945448489
924448926
939121162
899559063
924355212
920432673
947101558
907872746
933548585
939368827
929840505
916769053
938720257
946801008
934138336
929846082
912192712
925936151
911100142
935226964
920379975
933681197
915174199
924546656
946127277
905747847
906978983
932445864
928421392
907035669
946791168
908817306
944032147
934616850
924332095
936385851
922257414
934064311
913643402
918844799
927126344
930665113
904461821
922747921
925713920
925639400
907381423
925054342
924422127
928972634
925754110
928411452
929970866
949359351
898497120
932243947
912968509
918947755
910466421
906472055
924938803
916916790
941470707
921376056
920629508
919164203
909102299
931523805
920901914
911284204
915914449
939714691
907740794
908612200
920993283
953266256
921864558
909975508
926756380
929485932
923804887
926721619
924315619
940843738
910403383
907997391
922983123
936986818
907874287
915585111
937947866
922919903
929906026
927423466
922026965
934857835
933815141
922978196
924816810
936830458
929400883
907895078
942620776
931246544
915799341
955467878
945011251
920755018
933065448
947837746
914122962
933792822
895964433
905182632
948457262
937311373
910041982
936841676
938794094
910506500
951378890
917204056
922447568
965390609
942926157
926037870
922634489
928527599
942359109
936995808
926464365
950369948
922451130
940590683
933673059
906875496
931428154
918314813
950104521
928219649
957348983
933357093
945999900
940309400
933441074
935018413
921259614
911295300
928498343
924491758
923427129
926940574
929782712
943741136
917889281
924582195
933553370
913733630
922680972
931453536
917011198
936860860
921247084
909993359
928339225
905411291
916841948
927831045
915423036
917767440
914126676
940511561
923098485
943282111
923965785
947414326
937651172
911546061
933441777
916824229
903447604
935383174
932588351
917648599
917414091
904026490
937782083
898959227
915285087
926623824
940811830
944677659
912915076
927459081
933137051
929148592
923328626
928185370
938824423
932144126
926978945
923734390
934376974
936306839
929288677
943787187
911121909
934852391
927229932
929799184
940589905
932584739
929946521
931891631
947183897
941107155
929526473
942168745
936588167
922141446
918724516
926311556
928269064
923272877
926893870
916805447
952991788
941705313
953573883
929282997
920943225
939788790
921564902
923083944
905777698
923236972
928110611
914031091
941197455
934886376
932111284
940928565
919889337
933269011
924763089
940036096
941266579
923767768
916598852
918186931
927021484
896460778
942122694
896073670
917457501
940347245
947310326
923273267
907642398
909076374
915449127
941827184
918089732
943787687
915050033
923662794
959442891
911824993
921250278
927446475
924332352
919632244
910949842
927538380
917459525
920603229
911839975
930928181
934557155
941880228
946775721
908195041
918882246
911548480
939781587
921154670
935276296
935666512
924958517
911482173
920032580
915081323
914923673
900539280
918574003
931123695
911876967
911272005
938845529
950079006
901673853
935819675
938320300
910628687
922289495
915989513
946511552
921779675
899457025
910685315
926997813
891093693
953137349
916378008
932490124
919253761
913562693
949202629
934982189
918078325
937739857
942244625
912936372
954749366
904630157
927681004
930604840
902053804
909494155
905049158
932734151
929966687
937215530
914670618
913677688
957475009
933362851
937969724
927167263
916425846
935735138
929655887
905542336
902268413
941421538
953668201
956511526
934697487
912772738
919176671
926230780
939230507
926888381
935946443
925934682
907935858
914568629
908270522
923486711
894201852
933014849
929151714
906679275
944187515
940480816
892948998
911814785
938379543
937008520
943529322
921218340
912622952
931829547
939915111
937637024
919755395
935294512
939713242
925805255
914257088
920003995
944476598
931879693
931053902
920838722
924316784
905781264
932930001
929919661
930143219
921874272
923465085
910495374
893378334
918638931
918341640
925969179
930381156
921454317
949614253
908044736
934337342
924367603
914444381
936075793
927369780
916337697
919191988
928502085
934642911
932865963
925892159
930012929
932630244
940312898
912190400
911987370
937911792
934224683
940533969
931030556
922639317
974747947
900428204
938531738
905293880
925036365
933787850
916019916
903477389
940036997
903556152
918391470
950142481
910455215
949900478
921302860
934707647
929491667
950000314
924967950
944216394
924067398
921694519
936143669
931576238
955726562
924416080
930792970
929043647
942640863
940747149
944981107
916796042
911915076
902234372
914935170
901173790
930099017
932801943
935096239
914454956
937677607
943090214
938247896
915873679
917855322
936944891
915710700
910109251
935528908
931982702
921189643
935645263
923892924
931389849
917714433
952821601
910990990
917671605
926430587
924436238
927683037
913387278
944779533
923212556
925281452
942593081
931971386
910678034
916688942
929263820
929358797
933346404
928863489
923129592
920670750
911956889
929541529
929958062
914670336
926809800
949243817
904556127
928620559
936249119
930893366
897368760
939492822
917293097
934565566
941625884
934805923
933631314
923723714
938147045
934485106
942184101
924488487
913930872
926903000
935224933
910953634
910045744
946396073
922993255
927147619
929542866
917782777
938602199
950291723
941950264
898664501
910680599
907419103
924429316
938265849
945844116
965410609
931518914
932064046
934727553
948235691
927845098
948916021
914946944
927374079
922091248
917258388
911147380
948353802
924832237
936305078
921367372
930871291
923606314
914948207
925682206
934227002
928579113
927902282
916579293
919374893
935131345
925054337
931930635
944002630
952948316
923111866
927336573
936371949
934771883
914004770
939914225
911553755
922766561
910789574
931934201
924925951
911969695
908751039
933977861
925178268
953728816
927751422
939171635
929496658
922585368
950018550
936624614
918130507
929292361
945584995
926502072
907308988
923308289
917218894
933812789
918003618
938718601
949804434
906573722
902802261
938357528
934670303
920072624
918575585
941205509
921888174
931921118
929088373
934378624
945943201
928009148
913924280
920932265
935077585
920425157
903396565
929896355
944301189
943366176
916458652
929118111
928793345
931193213
902110047
918510788
918877855
932934417
927050181
927597911
924902700
953179605
939199808
909470737
909993455
929783314
930671451
922648492
905371850
907836080
932859092
921285864
939212231
934806754
940786038
917033529
938693367
942453808
931619673
919673156
944583282
915610282
929069512
937156461
933891995
932455388
920842347
933686679
917625900
932699259
934443544
925705571
934627425
911478099
915819356
937633610
931188813
919621882
920448882
913720332
928605299
932944566
915329831
902693380
924046074
925543810
924388196
932089986
926105513
912517447
940086555
930765377
940011308
933521552
930204465
940653177
919831572
919662834
931213477
939344012
943385551
906940880
919477361
943083665
916945429
912538373
919329368
926490690
934335263
924440974
925742419
943381382
931907472
934655986
937461264
923263370
927110389
917069728
923239828
927552739
926702927
909012962
928078272
939756934
931756956
914379942
939072933
924276469
930079211
898486962
926060520
942056534
943022678
951004300
912663519
915339696
920580293
928682867
927016061
913173997
932665514
933499618
942879959
929536022
912694759
919981221
937997497
934307761
931042029
954289118
925092562
927854250
901450073
921540055
910374018
925270102
932956658
940882840
925708772
902504301
938249700
913315327
926467159
950160782
941272030
929038121
940367050
911695007
933738926
925102284
933819586
906358767
941996835
921202159
906885171
922773385
921779967
933588724
917010644
910791060
928554172
938509603
924452212
936100546
922705897
945317821
915757488
904517565
939597241
933919235
946856325
916922672
920639372
922182397
911675879
912799210
926405093
926444890
918870799
929122828
905506463
927701040
924660956
916734890
926009840
950487038
936914668
923629171
913127645
933492484
919813808
948613430
926205575
913687309
927251119
920760415
938067921
932904047
948304616
923454923
908601579
905499395
933895678
938871132
905183305
921913407
935279052
941171090
940786080
932132822
934966403
928122484
939164090
930617835
938480661
904188929
904159998
916565796
909274726
920417812
901549548
931696786
933188999
915809025
934319986
925330671
927303195
945901897
942736609
938263507
924240487
918191606
920896110
933401224
916554784
930429213
928986754
906283587
943073814
918277835
937418434
927411653
925969270
916930065
914330108
919715379
921361334
893826764
918035759
925159698
928423315
921332401
920203799
926641211
920522850
928230377
928043545
942346680
920504329
934203285
931635725
912494767
935337312
922470285
903766154
937728653
942945782
925702612
931012214
931090196
938281417
918559373
928471791
936334484
916653249
938854749
940137040
919693630
918778732
928732182
936361518
910775111
921876657
902494689
948430731
927716865
944915074
925670148
911332456
913821295
951819615
914465301
934321301
925469189
935181021
922587294
934667824
928459755
923725919
927906785
928891874
938575256
925276981
926918510
909816343
927132451
913681788
929512851
924287971
923382767
933918966
934417146
894779748
924501714
930956253
921300244
910891879
893618779
940872522
918213222
917717867
929100429
933421592
922631468
926757764
938595467
923176683
915379419
929926754
915474789
925605916
930021713
929590498
923054973
912000913
918853873
938416450
893192773
918144900
924415772
922971621
929972301
929522684
911823178
927620205
922541587
944778697
895797912
917553071
938364956
914677665
904709463
903739678
931164983
915015801
901675592
927892683
918296063
927612292
922815619
914066869
945513675
931189005
932857798
924524441
940075893
926585988
929956473
944782867
905736386
946756210
932048101
934414870
923804799
933934910
922120052
937280649
918430241
928096687
938518325
945001644
941328371
933404354
923744391
945516888
935258267
919259969
904721787
922365668
922811594
915620850
933033589
931131406
912019010
926169958
910200481
905995767
913524457
904840308
942462032
910436920
946697727
922840506
922508261
918862688
936924802
921472266
928368449
910751334
935754257
931165586
929398470
925658374
925151083
929964862
904527730
943808499
894742801
942607596
926894207
906258102
940735048
931849255
934002642
927020976
917665603
934723893
904218903
927012238
941710298
939990316
944847236
912668830
938034528
933785228
914939585
896015781
927812298
915479699
944227817
947533288
905607484
925992121
927269917
911122381
921811914
923928209
918445439
935671102
909119636
931115691
935822949
934391572
909165474
911375204
919447405
928245160
910980867
943348874
915356099
938100417
933487551
929734131
938332611
934906174
936443709
927095166
930855299
921551948
933270016
930540780
913517593
911737276
919416690
929894078
916214631
935068023
932806716
944016092
938999269
916179542
937665209
942371990
900965382
920536866
933311018
937734114
925251517
940185093
944387741
943360577
917156570
944157567
907491225
919073826
944169316
936418800
919486582
927526388
926782313
913246636
923275087
929990062
938394053
928667991
925009879
929865689
932212072
912579716
930273835
933115461
925721642
926560240
928007580
934137225
932887725
932037381
922962905
924927749
925424282
953345278
924969961
941665356
921035174
915986603
928749506
916572573
927969313
921449047
944991364
920057803
939586913
912054530
922444497
929683389
921794948
937582382
946808278
926674876
930136659
933831623
924632069
919924327
910963877
906108722
940882593
938362802
933307744
932111845
945909972
952278562
926670287
922119954
911950733
909734903
924554418
919658173
901092378
930396029
919226358
938860721
940179356
934544237
929386582
923729950
922961728
906947452
946927970
940566259
933032545
946531907
937547220
940273465
944770490
929794207
958853539
929847896
927285281
925455820
901140623
932966729
908332408
933102613
922140323
903923627
924510827
903049138
925516792
911054103
920477896
943243739
942676374
927511936
915991102
931139654
915083308
920890629
929056162
952709362
899075272
956454813
951092701
911988951
920805701
931915683
937232579
908928794
929244714
924302677
916335236
921857298
889039253
920563398
931328973
940778666
943626417
939941012
931722316
937330618
912857865
920672162
924223530
924286184
928440394
944560743
935231244
915934648
911967929
926900152
931098171
923032075
911182855
929982709
947321269
912115772
924365591
912223154
935693623
939388597
934014751
921187523
915027458
927117695
934391536
910727685
949947871
923530576
933045287
926160213
926875992
918053421
940279477
928995427
955154823
936713287
941488411
927721885
921433025
945777361
909957100
924455748
927136623
910956573
924668822
912495258
921323485
918213984
934591731
917924958
912739790
918884576
915662987
925022728
909417407
944312788
916640387
947784432
923782977
950706976
903664933
920528117
932855601
930330639
941250059
922278785
919991225
922250911
922025669
945909134
920609105
915413970
924277552
936013550
918189240
916946913
930379373
919964804
934701988
931811836
922852562
925974285
927673175
930271941
908743107
941839263
913596062
923800623
919287358
953534906
906728763
951819745
920084780
939309558
920601951
896895692
938649105
919885642
914685850
917995944
926438119
926598733
932154805
931037264
923045261
943906152
930713911
914009473
948100820
917625632
943833269
929118858
935136101
923773151
938866035
934979459
931846874
922216129
917675688
906422110
938675576
908241186
926567461
916894820
909630666
924882635
909990601
936273168
937890757
905957985
932275815
938887301
940813794
923315824
915032540
922741651
930874358
920446427
923471690
925428588
935857776
923418969
922096957
923161804
930796495
923191054
919997580
944493750
937070140
930739392
933423160
926988759
900042008
926518071
898256700
961023010
920752619
902754926
939030552
902236546
896395482
912101228
919014054
950608216
953154986
936075977
920797239
912028163
931195842
923158595
921032985
925922952
921366314
940793743
922542277
951523590
922975284
927469922
939979271
920459100
932378846
949210717
942432278
917949396
931401478
946103706
903055520
927567139
933309315
932756670
922473961
911675413
940571001
918926285
929928746
931850806
926330850
925697224
917353856
925465927
922889803
926930915
930331295
920614892
908602361
931403095
925064566
918612765
924993244
946536657
929644442
921363790
916237141
894219816
931893417
927410699
936693750
913895164
934067104
929991359
937108161
937937869
934742364
933335228
900575712
911861195
908586899
952297705
948163934
932167884
926422124
927720427
915623697
926292415
919548820
923274382
930415263
936407245
926656303
909096305
938802671
928180243
937795977
895981911
932582610
937921643
938099804
945735640
924134086
920239853
911010540
924492170
945717474
928180407
907487144
939072428
927698083
938736151
936940202
925861629
936207952
920912878
911941210
938355012
915221075
926141663
928688098
909233355
922206994
931458756
921427954
945349458
935395101
916341306
923079829
929937565
930533060
919817802
926680353
913452036
928741013
928972838
921016453
936960679
920033578
933034357
912679952
935383960
930935992
936805169
917345675
913346689
918773309
936649979
911009741
919261473
928956398
929905292
929726042
914710729
916990458
918417233
920381233
942435790
927860487
929155462
914657917
942077053
904383821
943270059
913270356
915352725
930407709
928289910
913565999
913258024
923049323
933110563
946026248
926258981
927603251
945491363
946486480
908416743
920467923
941529478
922025548
919797182
936229193
932022355
927077608
912621477
917649967
921771952
924038098
914953816
932221565
915912645
922430722
937539500
937294519
932499803
934338238
916754977
927168825
937012598
920320836
930235914
924390409
907846591
927683546
924326113
925259073
920841755
941256672
931471135
909761589
956982203
924338803
928549169
932507251
931287515
939580784
925593694
924385709
917485756
931075785
916877645
943744294
929933154
924922732
921548893
909984961
946794380
933025267
928201444
927269640
924654860
930318721
932999835
931693096
931162679
936452176
936083610
929000946
939908677
941757310
925765611
923569676
919077525
919572258
910129087
934137543
929773638
927949785
924954632
936732939
929516848
940084676
909285660
908186255
922704032
931786247
930142514
939558200
914174822
939705962
923506405
913245133
921270227
950916767
895570721
913465214
914157376
940079254
919177328
922440443
919918291
927815102
950376510
912871491
948043679
926918607
925438786
936287777
922783252
944439996
939228885
929686911
898539075
928207544
943682602
919312003
926167729
912062170
929089316
894108605
929761032
908902332
910738464
920493047
934153065
931319976
917693792
929764340
921482661
923965441
917765585
918006194
908416117
908963885
935619513
910285940
931419280
922962836
900501422
911783963
930200416
932721554
897929456
922527443
900623577
929110838
911250294
922908169
896306153
900827195
935019766
940741789
910591703
914148171
935051068
924653033
929137438
931909178
947034854
939395811
926361331
936106407
929515546
914828958
918733945
920314051
928574512
930115462
951288727
933922225
916568958
926875000
920908874
921854267
891278640
933668115
939708163
925988816
942835682
906874550
923432200
924690221
940601328
926940972
924657890
929585284
958332635
921465178
917506568
923954364
931409154
934358832
915090631
933336674
943793332
949251441
921115942
922784266
936666453
938579135
932151239
922871132
937376586
931756720
923136690
928562165
939174602
922227809
943722788
909927482
